38
1
2
4 12 12 1 0 -1
7 12 6 1 0 2
haar_x4
-2.041777e-003 0 -1
4.590601e-001 -8.533809e-001 
1
3
8 14 8 4 0 -1
12 14 4 2 0 2
8 16 4 2 0 2
haar_x2_y2
4.844191e-003 0 -1
-5.897730e-001 2.715202e-001 
1
2
3 7 10 12 0 -1
3 11 10 4 0 3
haar_y3
2.955043e-002 0 -1
-8.812839e-001 2.667154e-001 
1
2
8 0 4 4 0 -1
8 2 4 2 0 2
haar_y2
1.857813e-002 0 -1
-6.057941e-001 4.645829e-001 
1
2
0 6 6 14 0 -1
3 6 3 14 0 2
haar_x2
4.737241e-002 0 -1
-8.354926e-001 3.033946e-001 
1
2
12 10 4 9 0 -1
12 13 4 3 0 3
haar_y3
8.914019e-005 0 -1
-9.018821e-001 1.102618e-001 
1
2
5 12 2 8 0 -1
5 16 2 4 0 2
haar_y2
-2.530139e-005 0 -1
1.594279e-001 -9.784101e-001 
1
3
9 4 4 2 0 -1
11 4 2 1 0 2
9 5 2 1 0 2
haar_x2_y2
-4.844585e-003 0 -1
4.574963e-001 -3.853886e-001 
1
2
10 7 9 1 0 -1
13 10 3 1 0 3
tilted_haar_x3
6.829174e-003 0 -1
-8.709306e-001 3.080883e-001 
1
2
0 17 20 2 0 -1
5 17 10 2 0 2
haar_x4
1.940232e-003 0 -1
-8.056637e-001 1.824271e-001 
1
2
9 9 2 6 0 -1
9 11 2 2 0 3
haar_y3
1.592112e-003 0 -1
-7.590209e-001 2.262490e-001 
1
2
12 11 2 8 0 -1
12 13 2 4 0 2
haar_y4
6.504212e-005 0 -1
-7.969676e-001 1.424153e-001 
1
2
6 9 8 3 0 -1
8 9 4 3 0 2
haar_x4
-5.383532e-004 0 -1
2.281481e-001 -9.752379e-001 
1
2
11 13 3 1 0 -1
12 14 1 1 0 3
tilted_haar_y3
1.921188e-005 0 -1
-3.719305e-001 8.287728e-003 
1
2
9 12 1 4 0 -1
8 13 1 2 0 2
tilted_haar_y4
4.530240e-005 0 -1
-7.885538e-001 3.239318e-001 
1
2
9 5 6 1 0 -1
11 5 2 1 0 3
haar_x3
-4.083400e-004 0 -1
1.517512e-001 -4.185805e-001 
1
2
5 5 6 1 0 -1
7 5 2 1 0 3
haar_x3
1.968105e-003 0 -1
-4.705526e-001 6.053905e-001 
1
2
10 8 5 12 0 -1
10 11 5 6 0 2
haar_y4
4.802483e-004 0 -1
-8.768617e-001 1.673861e-001 
1
2
6 11 2 8 0 -1
6 13 2 4 0 2
haar_y4
1.164749e-004 0 -1
-9.206926e-001 1.794193e-001 
1
2
10 6 2 5 0 -1
10 6 1 5 0 2
tilted_haar_y2
-2.403177e-005 0 -1
5.744527e-002 -5.815854e-001 
1
2
1 10 9 1 0 -1
4 10 3 1 0 3
haar_x3
3.156886e-005 0 -1
-8.853549e-001 3.990629e-001 
1
2
5 9 12 3 0 -1
8 9 6 3 0 2
haar_x4
-1.426850e-002 0 -1
1.798253e-001 -7.747126e-001 
1
2
0 0 17 4 0 -1
0 2 17 2 0 2
haar_y2
2.908969e-003 0 -1
-7.646687e-001 3.191909e-001 
1
2
10 6 2 5 0 -1
10 6 1 5 0 2
tilted_haar_y2
2.492813e-003 0 -1
-4.765712e-001 2.462822e-001 
1
2
4 8 11 9 0 -1
4 11 11 3 0 3
haar_y3
1.222279e-003 0 -1
-9.362841e-001 2.850996e-001 
1
2
10 6 2 5 0 -1
10 6 1 5 0 2
tilted_haar_y2
-2.403177e-005 0 -1
1.379094e-001 -6.169850e-001 
1
2
2 18 16 2 0 -1
2 19 16 1 0 2
haar_y2
-6.781388e-003 0 -1
5.471120e-001 -6.219497e-001 
1
2
4 3 16 17 0 -1
4 3 8 17 0 2
haar_x2
-6.732716e-002 0 -1
4.014067e-001 -1.792738e-001 
1
2
0 2 20 6 0 -1
5 2 10 6 0 2
haar_x4
5.473021e-002 0 -1
-4.755532e-001 6.012197e-001 
1
2
13 12 4 4 0 -1
14 12 2 4 0 2
haar_x4
2.233450e-005 0 -1
-6.051570e-001 2.197584e-001 
1
2
3 12 4 4 0 -1
4 12 2 4 0 2
haar_x4
4.944537e-005 0 -1
-7.659467e-001 3.593368e-001 
1
2
13 10 3 2 0 -1
14 11 1 2 0 3
tilted_haar_y3
2.206570e-005 0 -1
-6.570781e-001 1.006369e-001 
1
2
7 10 2 3 0 -1
6 11 2 1 0 3
tilted_haar_y3
8.477941e-005 0 -1
-8.783299e-001 4.311017e-001 
1
2
9 10 2 8 0 -1
9 14 2 4 0 2
haar_y2
3.941756e-004 0 -1
-9.074911e-001 3.178531e-001 
1
2
4 5 11 8 0 -1
4 9 11 4 0 2
haar_y2
3.585174e-004 0 -1
-9.861150e-001 1.975113e-001 
1
2
3 0 16 12 0 -1
3 3 16 6 0 2
haar_y4
6.521278e-004 0 -1
-8.969977e-001 3.845564e-001 
1
2
10 5 6 1 0 -1
10 5 3 1 0 2
tilted_haar_x2
-7.438879e-004 0 -1
3.994535e-001 -9.848892e-001 
1
2
9 2 2 8 0 -1
9 6 2 4 0 2
haar_y2
-3.128562e-004 0 -1
2.133761e-001 -9.288994e-001 
-1.431753e+000

6
-1
