5
1
2
3 8 14 12 0 -1
3 11 14 6 0 2
haar_y4
8.950336e-002 0 -1
-7.974228e-001 5.072475e-001 
1
2
4 9 12 5 0 -1
7 9 6 5 0 2
haar_x4
-2.375787e-002 0 -1
4.833861e-001 -8.184758e-001 
1
2
5 0 8 4 0 -1
5 2 8 2 0 2
haar_y2
2.305404e-002 0 -1
-6.266690e-001 5.480621e-001 
1
2
12 10 8 6 0 -1
12 10 4 6 0 2
haar_x2
1.592273e-002 0 -1
-5.008348e-001 3.499120e-001 
1
2
0 10 8 6 0 -1
4 10 4 6 0 2
haar_x2
2.539786e-002 0 -1
-8.046430e-001 4.645563e-001 
-1.392628e+000

1
-1
