7
1
2
4 7 12 8 0 -1
7 7 6 8 0 2
haar_x4
-4.149652e-002 0 -1
4.238602e-001 -7.427866e-001 
1
2
3 7 14 12 0 -1
3 11 14 4 0 3
haar_y3
7.766058e-002 0 -1
-8.052190e-001 3.256426e-001 
1
2
9 6 2 4 0 -1
9 7 2 2 0 2
haar_y4
4.848604e-003 0 -1
-4.114255e-001 6.518033e-001 
1
2
0 16 20 2 0 -1
5 16 10 2 0 2
haar_x4
3.560346e-002 0 -1
-5.702898e-001 4.774829e-001 
1
2
6 1 7 4 0 -1
6 2 7 2 0 2
haar_y4
1.126284e-002 0 -1
-5.252176e-001 5.219257e-001 
1
2
10 12 6 4 0 -1
12 12 2 4 0 3
haar_x3
8.206630e-003 0 -1
-3.389844e-001 2.158094e-001 
1
2
8 14 4 6 0 -1
8 16 4 2 0 3
haar_y3
8.467014e-003 0 -1
-5.932683e-001 3.773129e-001 
-1.414043e+000

3
-1
