236
1
2
0 5 12 11 0 -1
3 5 6 11 0 2
haar_x4
4.803838e-002 0 -1
-9.376829e-001 6.432896e-001 
1
2
9 6 2 4 0 -1
9 7 2 2 0 2
haar_y4
1.796003e-003 0 -1
-8.686979e-001 6.305575e-001 
1
2
8 14 4 6 0 -1
8 16 4 2 0 3
haar_y3
1.577037e-002 0 -1
-9.500363e-001 5.600546e-001 
1
2
11 12 3 6 0 -1
12 14 1 2 0 9
haar_point
9.535987e-005 0 -1
-9.910894e-001 1.028711e-001 
1
2
6 12 3 6 0 -1
7 14 1 2 0 9
haar_point
6.744105e-005 0 -1
-9.920104e-001 4.121242e-001 
1
2
11 12 3 6 0 -1
12 14 1 2 0 9
haar_point
2.767000e-005 0 -1
-9.897861e-001 -8.023032e-002 
1
2
5 5 10 8 0 -1
5 9 10 4 0 2
haar_y2
7.642148e-004 0 -1
-9.971826e-001 5.545879e-001 
1
2
12 2 3 3 0 -1
13 2 1 3 0 3
haar_x3
3.775021e-003 0 -1
-9.952075e-001 6.437380e-001 
1
2
0 0 2 1 0 -1
1 0 1 1 0 2
haar_x2
-1.916325e-004 0 -1
0.000000e+000 -1.000000e+000 
1
2
4 7 12 12 0 -1
4 11 12 4 0 3
haar_y3
2.715065e-002 0 -1
-9.980810e-001 9.820228e-001 
1
2
0 0 2 1 0 -1
1 0 1 1 0 2
haar_x2
0.000000e+000 0 -1
0.000000e+000 -1.000000e+000 
1
2
13 7 6 5 0 -1
15 9 2 5 0 3
tilted_haar_y3
3.279307e-004 0 -1
-8.736997e-001 7.986077e-001 
1
2
10 10 6 2 0 -1
12 12 2 2 0 3
tilted_haar_x3
-2.636581e-003 0 -1
9.470714e-001 -9.958172e-001 
1
2
12 11 6 3 0 -1
14 11 2 3 0 3
haar_x3
9.535500e-005 0 -1
-9.866041e-001 7.703637e-001 
1
2
2 18 11 2 0 -1
2 19 11 1 0 2
haar_y2
-6.305143e-003 0 -1
5.544364e-001 -9.989622e-001 
1
2
11 11 9 3 0 -1
14 11 3 3 0 3
haar_x3
7.804863e-005 0 -1
-9.763414e-001 2.901326e-001 
1
2
8 7 6 3 0 -1
10 9 2 3 0 3
tilted_haar_x3
-1.020537e-002 0 -1
6.531209e-001 -9.792322e-001 
1
2
16 8 4 4 0 -1
16 8 2 4 0 2
tilted_haar_y2
-1.847896e-004 0 -1
5.395735e-001 -7.824355e-001 
1
2
0 1 12 18 0 -1
4 7 4 6 0 9
haar_point
1.109593e-001 0 -1
-9.359285e-001 7.223420e-001 
1
2
8 0 4 8 0 -1
8 2 4 4 0 2
haar_y4
1.387997e-002 0 -1
-9.580813e-001 5.404448e-001 
1
2
9 8 2 3 0 -1
9 9 2 1 0 3
haar_y3
-2.319149e-003 0 -1
6.012480e-001 -9.683608e-001 
1
2
0 12 20 7 0 -1
5 12 10 7 0 2
haar_x4
2.285362e-002 0 -1
-9.719555e-001 4.545247e-001 
1
2
9 9 1 3 0 -1
9 10 1 1 0 3
haar_y3
-4.452316e-005 0 -1
5.460416e-001 -9.507306e-001 
1
2
14 9 4 5 0 -1
15 9 2 5 0 2
haar_x4
1.207873e-004 0 -1
-8.243304e-001 3.179183e-001 
1
2
1 9 9 1 0 -1
4 12 3 1 0 3
tilted_haar_x3
2.208090e-002 0 -1
-8.996010e-001 7.126334e-001 
1
2
3 14 15 6 0 -1
8 16 5 2 0 9
haar_point
6.535450e-002 0 -1
-9.422419e-001 5.581374e-001 
1
2
9 4 6 1 0 -1
9 4 3 1 0 2
tilted_haar_x2
-9.002005e-004 0 -1
7.194042e-001 -9.924669e-001 
1
2
2 3 18 3 0 -1
8 3 6 3 0 3
haar_x3
4.044947e-002 0 -1
-8.744209e-001 5.213399e-001 
1
2
5 5 8 4 0 -1
9 5 4 4 0 2
haar_x2
-1.216287e-004 0 -1
7.974714e-001 -9.767208e-001 
1
2
12 9 3 9 0 -1
13 12 1 3 0 9
haar_point
3.655844e-005 0 -1
-9.819197e-001 3.403344e-001 
1
2
5 10 6 1 0 -1
7 12 2 1 0 3
tilted_haar_x3
7.951895e-004 0 -1
-9.648544e-001 2.801481e-001 
1
2
9 2 4 6 0 -1
9 5 4 3 0 2
haar_y2
-2.905339e-005 0 -1
2.324780e-001 -9.763368e-001 
1
2
7 2 6 15 0 -1
7 7 6 5 0 3
haar_y3
-4.642296e-004 0 -1
2.817332e-001 -9.599625e-001 
1
2
4 0 12 20 0 -1
4 5 12 10 0 2
haar_y4
1.373161e-001 0 -1
-6.759551e-001 6.442978e-001 
1
2
6 9 8 3 0 -1
8 9 4 3 0 2
haar_x4
-3.124968e-003 0 -1
3.340416e-001 -9.886140e-001 
1
2
14 8 4 6 0 -1
15 8 2 6 0 2
haar_x4
1.581697e-003 0 -1
-6.864368e-001 2.011074e-001 
1
2
2 8 4 6 0 -1
3 8 2 6 0 2
haar_x4
4.764639e-003 0 -1
-7.613071e-001 5.908841e-001 
1
2
13 9 3 1 0 -1
14 10 1 1 0 3
tilted_haar_y3
2.652135e-005 0 -1
-7.729334e-001 2.268467e-001 
1
2
7 9 1 3 0 -1
6 10 1 1 0 3
tilted_haar_y3
1.908540e-005 0 -1
-9.438443e-001 6.071547e-001 
1
2
9 10 8 5 0 -1
11 10 4 5 0 2
haar_x4
1.409533e-002 0 -1
-9.246725e-001 4.336982e-001 
1
2
8 7 6 5 0 -1
10 9 2 5 0 3
tilted_haar_x3
1.042240e-003 0 -1
-9.687374e-001 7.090128e-001 
1
2
10 8 5 3 0 -1
9 9 5 1 0 3
tilted_haar_x3
5.675457e-005 0 -1
-9.749567e-001 4.582700e-001 
1
2
10 8 3 3 0 -1
11 9 1 3 0 3
tilted_haar_x3
-1.242718e-003 0 -1
1.000000e+000 -9.957778e-001 
1
2
8 16 4 3 0 -1
8 17 4 1 0 3
haar_y3
4.196422e-004 0 -1
-9.846209e-001 5.965251e-001 
1
2
10 8 3 3 0 -1
11 9 1 3 0 3
tilted_haar_x3
1.600603e-003 0 -1
-9.840376e-001 1.000007e+000 
1
2
8 3 12 6 0 -1
11 3 6 6 0 2
haar_x4
1.132254e-003 0 -1
-9.971106e-001 1.000000e+000 
1
2
0 3 12 6 0 -1
3 3 6 6 0 2
haar_x4
5.309122e-002 0 -1
-1.000000e+000 1.001184e+000 
1
2
18 0 2 1 0 -1
18 0 1 1 0 2
haar_x2
0.000000e+000 0 -1
0.000000e+000 -1.000000e+000 
1
2
10 1 10 9 0 -1
7 4 10 3 0 3
tilted_haar_y3
5.051157e-003 0 -1
-1.000000e+000 1.000227e+000 
1
2
18 0 2 1 0 -1
18 0 1 1 0 2
haar_x2
0.000000e+000 0 -1
0.000000e+000 -1.000000e+000 
1
2
4 7 11 6 0 -1
4 10 11 3 0 2
haar_y2
2.040506e-003 0 -1
-1.000000e+000 1.000110e+000 
1
2
18 0 2 1 0 -1
18 0 1 1 0 2
haar_x2
0.000000e+000 0 -1
0.000000e+000 -1.000000e+000 
1
2
1 12 9 1 0 -1
4 12 3 1 0 3
haar_x3
2.264881e-003 0 -1
-1.000000e+000 9.662648e-001 
1
2
18 0 2 1 0 -1
18 0 1 1 0 2
haar_x2
-7.318279e-005 0 -1
-1.000000e+000 -1.000000e+000 
1
2
7 8 6 10 0 -1
7 13 6 5 0 2
haar_y2
3.659689e-003 0 -1
-1.000000e+000 9.732432e-001 
1
2
5 0 10 6 0 -1
5 3 10 3 0 2
haar_y2
2.185169e-002 0 -1
-1.000000e+000 1.000000e+000 
1
2
0 0 2 1 0 -1
1 0 1 1 0 2
haar_x2
0.000000e+000 0 -1
0.000000e+000 -1.000000e+000 
1
2
12 2 3 14 0 -1
12 9 3 7 0 2
haar_y2
8.570058e-004 0 -1
-9.957057e-001 1.000000e+000 
1
2
0 8 6 6 0 -1
3 8 3 6 0 2
haar_x2
2.387186e-002 0 -1
-1.000000e+000 1.000339e+000 
1
2
18 0 2 1 0 -1
18 0 1 1 0 2
haar_x2
0.000000e+000 0 -1
0.000000e+000 -1.000000e+000 
1
2
7 2 6 3 0 -1
9 3 2 1 0 9
haar_point
5.339288e-003 0 -1
-1.000000e+000 1.001291e+000 
1
2
18 0 2 1 0 -1
18 0 1 1 0 2
haar_x2
0.000000e+000 0 -1
0.000000e+000 -1.000000e+000 
1
2
2 8 16 9 0 -1
2 11 16 3 0 3
haar_y3
1.285369e-002 0 -1
-1.000000e+000 1.001977e+000 
1
2
18 0 2 1 0 -1
18 0 1 1 0 2
haar_x2
0.000000e+000 0 -1
0.000000e+000 -1.000000e+000 
1
2
0 7 14 4 0 -1
7 7 7 4 0 2
haar_x2
-1.810377e-003 0 -1
1.000000e+000 -9.999999e-001 
1
2
9 9 4 3 0 -1
9 9 2 3 0 2
haar_x2
-2.524472e-003 0 -1
6.105846e-001 -9.959164e-001 
1
3
6 5 8 8 0 -1
6 5 4 4 0 2
10 9 4 4 0 2
haar_x2_y2
-1.663257e-004 0 -1
9.753487e-001 -9.970328e-001 
1
2
7 14 8 6 0 -1
7 16 8 2 0 3
haar_y3
4.042796e-003 0 -1
-9.911763e-001 6.747187e-001 
1
3
5 3 8 10 0 -1
5 3 4 5 0 2
9 8 4 5 0 2
haar_x2_y2
-7.569884e-004 0 -1
7.486724e-001 -9.978107e-001 
1
2
9 7 2 3 0 -1
9 8 2 1 0 3
haar_y3
7.947960e-004 0 -1
-9.918684e-001 7.810838e-001 
1
2
0 9 7 3 0 -1
0 10 7 1 0 3
haar_y3
2.276159e-005 0 -1
-9.980301e-001 7.671344e-001 
1
2
12 15 2 3 0 -1
11 16 2 1 0 3
tilted_haar_x3
7.444881e-003 0 -1
-9.980583e-001 1.000000e+000 
1
2
0 6 12 5 0 -1
4 6 4 5 0 3
haar_x3
6.280167e-003 0 -1
-1.000000e+000 1.021931e+000 
1
2
18 0 2 1 0 -1
18 0 1 1 0 2
haar_x2
0.000000e+000 0 -1
0.000000e+000 -1.000000e+000 
1
2
0 0 2 1 0 -1
1 0 1 1 0 2
haar_x2
0.000000e+000 0 -1
0.000000e+000 -1.000000e+000 
1
2
18 0 2 1 0 -1
18 0 1 1 0 2
haar_x2
0.000000e+000 0 -1
0.000000e+000 -1.000000e+000 
1
2
0 0 2 1 0 -1
1 0 1 1 0 2
haar_x2
0.000000e+000 0 -1
0.000000e+000 -1.000000e+000 
1
2
18 0 2 1 0 -1
18 0 1 1 0 2
haar_x2
0.000000e+000 0 -1
0.000000e+000 -1.000000e+000 
1
3
0 0 2 4 0 -1
0 0 1 2 0 2
1 2 1 2 0 2
haar_x2_y2
-5.425012e-004 0 -1
1.000000e+000 -1.000000e+000 
1
2
11 8 4 2 0 -1
11 8 2 2 0 2
tilted_haar_y2
-8.415052e-005 0 -1
1.000000e+000 -9.519825e-001 
1
2
8 4 8 2 0 -1
10 6 4 2 0 2
tilted_haar_x4
-1.989798e-003 0 -1
1.000000e+000 -1.000000e+000 
1
2
8 0 12 18 0 -1
11 0 6 18 0 2
haar_x4
5.847592e-004 0 -1
-8.451681e-001 7.478324e-001 
1
2
3 14 6 3 0 -1
5 15 2 1 0 9
haar_point
5.448420e-003 0 -1
-9.960527e-001 1.000000e+000 
1
2
18 0 2 1 0 -1
18 0 1 1 0 2
haar_x2
0.000000e+000 0 -1
0.000000e+000 -9.759896e-001 
1
3
0 14 12 6 0 -1
0 14 6 3 0 2
6 17 6 3 0 2
haar_x2_y2
-2.088526e-003 0 -1
1.000000e+000 -1.000000e+000 
1
2
17 2 2 5 0 -1
17 2 1 5 0 2
haar_x2
-4.875570e-005 0 -1
8.174125e-001 -8.869091e-001 
1
2
0 11 9 3 0 -1
3 12 3 1 0 9
haar_point
2.552345e-004 0 -1
-9.764843e-001 8.091118e-001 
1
2
9 5 6 6 0 -1
9 8 6 3 0 2
haar_y2
3.078337e-003 0 -1
-9.036597e-001 7.189088e-001 
1
2
2 12 1 8 0 -1
2 16 1 4 0 2
haar_y2
-1.045728e-003 0 -1
9.476402e-001 -9.944319e-001 
1
2
11 3 2 8 0 -1
9 5 2 4 0 2
tilted_haar_x4
-8.281361e-004 0 -1
4.101342e-001 -8.670655e-001 
1
2
5 6 6 1 0 -1
7 6 2 1 0 3
haar_x3
2.653036e-003 0 -1
-8.482503e-001 9.695520e-001 
1
2
15 11 2 3 0 -1
14 12 2 1 0 3
tilted_haar_x3
6.357325e-005 0 -1
-9.322706e-001 5.802486e-001 
1
2
7 2 6 3 0 -1
9 3 2 1 0 9
haar_point
8.056756e-003 0 -1
-9.940690e-001 9.999990e-001 
1
2
18 0 2 1 0 -1
18 0 1 1 0 2
haar_x2
0.000000e+000 0 -1
0.000000e+000 -1.000000e+000 
1
2
5 1 8 11 0 -1
9 1 4 11 0 2
haar_x2
-3.526525e-003 0 -1
1.000000e+000 -1.000000e+000 
1
2
15 5 3 6 0 -1
15 8 3 3 0 2
haar_y2
9.191794e-003 0 -1
-8.959938e-001 1.000000e+000 
1
2
0 0 4 8 0 -1
2 0 2 8 0 2
haar_x2
1.921188e-005 0 -1
-1.000000e+000 1.000000e+000 
1
2
18 0 2 1 0 -1
18 0 1 1 0 2
haar_x2
0.000000e+000 0 -1
0.000000e+000 -1.000000e+000 
1
2
0 0 1 2 0 -1
0 1 1 1 0 2
haar_y2
2.486340e-005 0 -1
-1.000000e+000 1.000000e+000 
1
2
11 8 4 8 0 -1
12 9 2 8 0 2
tilted_haar_y4
4.920173e-003 0 -1
-8.615590e-001 7.349524e-001 
1
3
0 4 8 8 0 -1
0 4 4 4 0 2
4 8 4 4 0 2
haar_x2_y2
2.480682e-004 0 -1
-1.000000e+000 1.000001e+000 
1
2
18 0 2 1 0 -1
18 0 1 1 0 2
haar_x2
0.000000e+000 0 -1
0.000000e+000 -1.000000e+000 
1
2
0 5 6 6 0 -1
2 7 2 2 0 9
haar_point
-4.274537e-003 0 -1
1.000000e+000 -1.000000e+000 
1
2
17 5 3 12 0 -1
13 9 3 4 0 3
tilted_haar_x3
7.092396e-004 0 -1
-9.014741e-001 5.253392e-001 
1
2
10 10 2 2 0 -1
10 10 2 1 0 2
tilted_haar_y2
-1.282361e-004 0 -1
1.000000e+000 -1.000000e+000 
1
2
16 2 2 9 0 -1
13 5 2 3 0 3
tilted_haar_x3
-2.244218e-003 0 -1
2.065129e-001 -8.632976e-001 
1
2
9 6 7 3 0 -1
8 7 7 1 0 3
tilted_haar_y3
-4.512249e-003 0 -1
1.000000e+000 -8.606347e-001 
1
3
6 1 14 2 0 -1
13 1 7 1 0 2
6 2 7 1 0 2
haar_x2_y2
3.821253e-003 0 -1
-6.595503e-001 9.336355e-001 
1
2
3 3 8 16 0 -1
5 3 4 16 0 2
haar_x4
6.689408e-003 0 -1
-1.000000e+000 8.006418e-001 
1
2
18 15 2 2 0 -1
18 15 1 2 0 2
tilted_haar_y2
-1.894702e-003 0 -1
7.335387e-001 -9.415784e-001 
1
2
2 13 4 2 0 -1
2 13 4 1 0 2
tilted_haar_y2
2.169988e-004 0 -1
-9.716954e-001 9.442998e-001 
1
2
5 2 11 6 0 -1
5 5 11 3 0 2
haar_y2
-5.129087e-003 0 -1
9.368907e-001 -1.000000e+000 
1
2
1 0 15 12 0 -1
6 4 5 4 0 9
haar_point
3.621472e-004 0 -1
-9.753153e-001 7.739197e-001 
1
2
13 2 4 5 0 -1
13 2 2 5 0 2
tilted_haar_y2
-7.715920e-003 0 -1
6.101188e-001 -9.761359e-001 
1
2
4 9 3 4 0 -1
4 9 3 2 0 2
tilted_haar_y2
2.378536e-003 0 -1
-9.942773e-001 6.922948e-001 
1
2
7 5 10 1 0 -1
7 5 5 1 0 2
haar_x2
-1.121381e-003 0 -1
5.704331e-002 -9.755090e-001 
1
2
6 11 6 3 0 -1
9 11 3 3 0 2
haar_x2
-4.358545e-003 0 -1
6.032935e-001 -9.858882e-001 
1
2
11 15 1 4 0 -1
10 16 1 2 0 2
tilted_haar_x4
1.256352e-004 0 -1
-7.418140e-001 1.331832e-001 
1
2
6 7 8 6 0 -1
6 10 8 3 0 2
haar_y2
3.315284e-003 0 -1
-9.676167e-001 6.072765e-001 
1
2
15 5 1 2 0 -1
15 6 1 1 0 2
haar_y2
-6.787805e-004 0 -1
5.259419e-001 -8.622977e-001 
1
2
5 9 4 6 0 -1
6 9 2 6 0 2
haar_x4
2.150747e-003 0 -1
-8.680548e-001 6.842442e-001 
1
2
10 1 2 7 0 -1
10 1 1 7 0 2
tilted_haar_y2
-8.549073e-005 0 -1
2.729534e-001 -8.270795e-001 
1
2
9 15 4 1 0 -1
10 16 2 1 0 2
tilted_haar_x4
3.078585e-004 0 -1
-8.758947e-001 7.755228e-001 
1
2
16 3 4 17 0 -1
16 3 2 17 0 2
haar_x2
4.065649e-002 0 -1
-9.226369e-001 5.120981e-001 
1
2
0 3 4 5 0 -1
1 3 2 5 0 2
haar_x4
2.835939e-005 0 -1
-9.771084e-001 9.159212e-001 
1
2
16 4 4 2 0 -1
16 4 2 2 0 2
tilted_haar_y2
1.824613e-003 0 -1
-9.932014e-001 5.426575e-001 
1
2
0 0 3 9 0 -1
1 0 1 9 0 3
haar_x3
1.634618e-003 0 -1
-1.000000e+000 1.000016e+000 
1
2
0 17 20 2 0 -1
5 17 10 2 0 2
haar_x4
6.768291e-004 0 -1
-1.000000e+000 9.348336e-001 
1
2
0 0 1 3 0 -1
0 1 1 1 0 3
haar_y3
9.279307e-004 0 -1
-1.000000e+000 1.000054e+000 
1
2
11 8 6 9 0 -1
13 8 2 9 0 3
haar_x3
6.214041e-004 0 -1
-9.356031e-001 1.000000e+000 
1
2
0 0 2 2 0 -1
0 1 2 1 0 2
haar_y2
-4.619010e-005 0 -1
1.000000e+000 -1.000000e+000 
1
2
10 0 3 6 0 -1
11 1 1 6 0 3
tilted_haar_y3
-4.934951e-003 0 -1
1.000000e+000 -9.342414e-001 
1
2
1 4 4 9 0 -1
2 4 2 9 0 2
haar_x4
2.345409e-005 0 -1
-9.814122e-001 9.235518e-001 
1
2
14 10 6 3 0 -1
13 11 6 1 0 3
tilted_haar_x3
7.684752e-005 0 -1
-9.568346e-001 3.947983e-001 
1
2
4 8 6 9 0 -1
6 11 2 3 0 9
haar_point
3.441149e-002 0 -1
-1.000000e+000 1.000001e+000 
1
2
18 0 2 1 0 -1
18 0 1 1 0 2
haar_x2
0.000000e+000 0 -1
0.000000e+000 -1.000000e+000 
1
2
0 0 1 20 0 -1
0 10 1 10 0 2
haar_y2
-1.665241e-003 0 -1
1.000000e+000 -1.000000e+000 
1
2
19 0 1 2 0 -1
19 1 1 1 0 2
haar_y2
1.921188e-005 0 -1
-1.000000e+000 1.000000e+000 
1
2
0 0 2 1 0 -1
1 0 1 1 0 2
haar_x2
0.000000e+000 0 -1
0.000000e+000 -1.000000e+000 
1
2
18 0 2 1 0 -1
18 0 1 1 0 2
haar_x2
0.000000e+000 0 -1
0.000000e+000 -1.000000e+000 
1
2
1 3 10 1 0 -1
1 3 5 1 0 2
tilted_haar_x2
-3.597733e-003 0 -1
1.000000e+000 -1.000000e+000 
1
2
8 0 12 9 0 -1
11 0 6 9 0 2
haar_x4
9.956825e-003 0 -1
-9.099333e-001 7.263747e-001 
1
2
3 0 2 3 0 -1
3 1 2 1 0 3
haar_y3
-3.546198e-005 0 -1
1.000000e+000 -1.000000e+000 
1
2
18 0 2 1 0 -1
18 0 1 1 0 2
haar_x2
0.000000e+000 0 -1
0.000000e+000 -1.000000e+000 
1
2
0 0 8 4 0 -1
0 1 8 2 0 2
haar_y4
3.061982e-004 0 -1
-1.000000e+000 1.000000e+000 
1
2
18 0 2 1 0 -1
18 0 1 1 0 2
haar_x2
0.000000e+000 0 -1
0.000000e+000 -1.000000e+000 
1
2
0 0 12 8 0 -1
3 0 6 8 0 2
haar_x4
1.595789e-003 0 -1
-1.000000e+000 1.000000e+000 
1
2
18 0 2 1 0 -1
18 0 1 1 0 2
haar_x2
0.000000e+000 0 -1
0.000000e+000 -1.000000e+000 
1
2
0 0 3 6 0 -1
1 2 1 2 0 9
haar_point
1.762021e-003 0 -1
-1.000000e+000 1.000000e+000 
1
2
18 0 2 1 0 -1
18 0 1 1 0 2
haar_x2
0.000000e+000 0 -1
0.000000e+000 -1.000000e+000 
1
2
0 0 3 9 0 -1
1 3 1 3 0 9
haar_point
8.156255e-004 0 -1
-1.000000e+000 1.000000e+000 
1
2
18 0 2 1 0 -1
18 0 1 1 0 2
haar_x2
0.000000e+000 0 -1
0.000000e+000 -1.000000e+000 
1
2
0 9 4 9 0 -1
1 9 2 9 0 2
haar_x4
-1.580830e-003 0 -1
1.000000e+000 -1.000000e+000 
1
2
6 3 8 12 0 -1
6 7 8 4 0 3
haar_y3
-1.005699e-002 0 -1
1.000000e+000 -1.000000e+000 
1
2
1 0 9 18 0 -1
4 6 3 6 0 9
haar_point
8.253675e-003 0 -1
-1.000000e+000 1.000000e+000 
1
2
18 0 2 1 0 -1
18 0 1 1 0 2
haar_x2
2.162824e-005 0 -1
-1.000000e+000 1.000000e+000 
1
2
0 0 2 1 0 -1
1 0 1 1 0 2
haar_x2
2.309505e-005 0 -1
-1.000000e+000 1.000000e+000 
1
2
11 1 8 17 0 -1
13 1 4 17 0 2
haar_x4
6.241308e-003 0 -1
-9.848085e-001 9.273672e-001 
1
2
0 0 6 3 0 -1
0 1 6 1 0 3
haar_y3
9.233039e-005 0 -1
-1.000000e+000 1.000000e+000 
1
2
18 0 2 1 0 -1
18 0 1 1 0 2
haar_x2
0.000000e+000 0 -1
0.000000e+000 -1.000000e+000 
1
2
0 0 2 1 0 -1
1 0 1 1 0 2
haar_x2
0.000000e+000 0 -1
0.000000e+000 -1.000000e+000 
1
2
14 0 6 8 0 -1
16 0 2 8 0 3
haar_x3
4.290899e-003 0 -1
-9.820334e-001 1.000000e+000 
1
2
0 0 2 1 0 -1
1 0 1 1 0 2
haar_x2
0.000000e+000 0 -1
0.000000e+000 -1.000000e+000 
1
2
19 0 1 4 0 -1
19 1 1 2 0 2
haar_y4
-9.641316e-004 0 -1
1.000000e+000 -9.674002e-001 
1
2
4 7 12 3 0 -1
7 7 6 3 0 2
haar_x4
-1.383792e-003 0 -1
1.000000e+000 -1.000000e+000 
1
2
10 4 9 16 0 -1
10 8 9 8 0 2
haar_y4
1.313575e-002 0 -1
-9.306312e-001 9.433123e-001 
1
3
0 2 10 6 0 -1
0 2 5 3 0 2
5 5 5 3 0 2
haar_x2_y2
-3.611931e-003 0 -1
1.000000e+000 -1.000000e+000 
1
2
10 2 9 18 0 -1
13 8 3 6 0 9
haar_point
5.935226e-003 0 -1
-1.000000e+000 8.426469e-001 
1
3
0 0 2 6 0 -1
0 0 1 3 0 2
1 3 1 3 0 2
haar_x2_y2
-2.792487e-004 0 -1
1.000000e+000 -1.000000e+000 
1
2
10 4 9 15 0 -1
13 9 3 5 0 9
haar_point
9.736787e-003 0 -1
-9.595097e-001 8.230739e-001 
1
3
0 0 2 16 0 -1
0 0 1 8 0 2
1 8 1 8 0 2
haar_x2_y2
1.384956e-003 0 -1
-1.000000e+000 1.000000e+000 
1
2
18 0 2 1 0 -1
18 0 1 1 0 2
haar_x2
0.000000e+000 0 -1
0.000000e+000 -1.000000e+000 
1
3
0 0 6 8 0 -1
0 0 3 4 0 2
3 4 3 4 0 2
haar_x2_y2
-3.561996e-004 0 -1
1.000000e+000 -1.000000e+000 
1
2
18 0 2 1 0 -1
18 0 1 1 0 2
haar_x2
0.000000e+000 0 -1
0.000000e+000 -1.000000e+000 
1
2
0 0 1 2 0 -1
0 1 1 1 0 2
haar_y2
-1.609543e-004 0 -1
1.000000e+000 -1.000000e+000 
1
2
18 0 2 1 0 -1
18 0 1 1 0 2
haar_x2
0.000000e+000 0 -1
0.000000e+000 -1.000000e+000 
1
2
0 0 4 10 0 -1
1 0 2 10 0 2
haar_x4
4.690819e-005 0 -1
-1.000000e+000 1.000000e+000 
1
2
8 4 12 4 0 -1
11 4 6 4 0 2
haar_x4
7.921602e-003 0 -1
-9.582232e-001 1.000000e+000 
1
2
0 0 3 6 0 -1
1 0 1 6 0 3
haar_x3
-7.092395e-005 0 -1
1.000000e+000 -1.000000e+000 
1
2
18 0 2 1 0 -1
18 0 1 1 0 2
haar_x2
0.000000e+000 0 -1
0.000000e+000 -1.000000e+000 
1
2
0 0 3 3 0 -1
1 1 1 1 0 9
haar_point
6.964948e-004 0 -1
-1.000000e+000 1.000000e+000 
1
2
18 0 2 1 0 -1
18 0 1 1 0 2
haar_x2
0.000000e+000 0 -1
0.000000e+000 -1.000000e+000 
1
3
0 2 14 4 0 -1
0 2 7 2 0 2
7 4 7 2 0 2
haar_x2_y2
-1.878229e-003 0 -1
1.000000e+000 -1.000000e+000 
1
2
19 6 1 8 0 -1
19 6 1 4 0 2
tilted_haar_x2
-4.748181e-004 0 -1
1.000000e+000 -9.389502e-001 
1
2
4 14 4 4 0 -1
4 16 4 2 0 2
haar_y2
-3.134527e-005 0 -1
1.000000e+000 -1.000000e+000 
1
2
12 10 4 6 0 -1
13 10 2 6 0 2
haar_x4
1.220824e-004 0 -1
-7.765159e-001 8.310542e-001 
1
2
8 4 2 3 0 -1
8 5 2 1 0 3
haar_y3
-3.171276e-003 0 -1
1.000000e+000 -1.000000e+000 
1
2
11 6 2 4 0 -1
11 6 2 2 0 2
tilted_haar_x2
-5.725001e-004 0 -1
8.367069e-001 -8.205595e-001 
1
2
8 0 4 12 0 -1
8 3 4 6 0 2
haar_y4
1.468708e-003 0 -1
-9.885271e-001 9.999998e-001 
1
2
12 6 3 8 0 -1
10 8 3 4 0 2
tilted_haar_x4
-5.748823e-004 0 -1
1.000000e+000 -9.131204e-001 
1
2
0 7 3 9 0 -1
1 7 1 9 0 3
haar_x3
-2.260593e-005 0 -1
1.000000e+000 -9.891700e-001 
1
2
12 4 4 15 0 -1
12 9 4 5 0 3
haar_y3
7.875725e-004 0 -1
-8.433504e-001 5.369425e-001 
1
3
5 8 10 10 0 -1
5 8 5 5 0 2
10 13 5 5 0 2
haar_x2_y2
1.554178e-002 0 -1
-9.702021e-001 1.000000e+000 
1
2
11 0 6 20 0 -1
11 5 6 10 0 2
haar_y4
1.444911e-002 0 -1
-9.897601e-001 1.000000e+000 
1
2
0 0 2 1 0 -1
1 0 1 1 0 2
haar_x2
0.000000e+000 0 -1
0.000000e+000 -1.000000e+000 
1
3
18 0 2 4 0 -1
19 0 1 2 0 2
18 2 1 2 0 2
haar_x2_y2
-5.589403e-004 0 -1
1.000000e+000 -1.000000e+000 
1
2
1 6 8 1 0 -1
1 6 4 1 0 2
tilted_haar_x2
-2.407743e-003 0 -1
1.000000e+000 -1.000000e+000 
1
2
10 2 3 3 0 -1
11 3 1 3 0 3
tilted_haar_y3
1.329057e-003 0 -1
-8.359369e-001 9.999995e-001 
1
2
3 2 9 2 0 -1
3 2 9 1 0 2
tilted_haar_y2
-2.623006e-003 0 -1
1.000000e+000 -1.000000e+000 
1
2
16 6 4 10 0 -1
16 6 4 5 0 2
tilted_haar_x2
-3.401649e-002 0 -1
5.623595e-001 -9.128860e-001 
1
2
2 15 9 1 0 -1
5 15 3 1 0 3
haar_x3
1.630220e-003 0 -1
-9.697192e-001 9.282447e-001 
1
2
11 1 3 4 0 -1
11 1 3 2 0 2
tilted_haar_x2
3.655844e-005 0 -1
-9.227430e-001 1.471417e-001 
1
2
1 7 12 1 0 -1
4 7 6 1 0 2
haar_x4
1.567549e-003 0 -1
-9.934337e-001 9.127210e-001 
1
2
18 0 2 1 0 -1
18 0 1 1 0 2
haar_x2
-1.958065e-004 0 -1
-1.000000e+000 -9.820860e-001 
1
2
8 3 4 4 0 -1
8 5 4 2 0 2
haar_y2
-3.477427e-004 0 -1
1.000000e+000 -1.000000e+000 
1
2
4 1 16 3 0 -1
4 2 16 1 0 3
haar_y3
1.224731e-004 0 -1
-9.408743e-001 6.235638e-001 
1
3
0 0 14 4 0 -1
0 0 7 2 0 2
7 2 7 2 0 2
haar_x2_y2
1.263065e-002 0 -1
-9.820046e-001 8.148178e-001 
1
2
17 1 1 12 0 -1
17 5 1 4 0 3
haar_y3
2.628815e-003 0 -1
-9.786627e-001 5.199438e-001 
1
3
0 0 2 10 0 -1
0 0 1 5 0 2
1 5 1 5 0 2
haar_x2_y2
-7.862683e-004 0 -1
1.000000e+000 -1.000000e+000 
1
2
11 13 6 4 0 -1
11 15 6 2 0 2
haar_y2
-6.529938e-005 0 -1
6.580775e-001 -9.426442e-001 
1
3
1 10 14 10 0 -1
1 10 7 5 0 2
8 15 7 5 0 2
haar_x2_y2
2.713418e-002 0 -1
-9.220662e-001 9.817276e-001 
1
2
11 11 3 6 0 -1
11 13 3 2 0 3
haar_y3
3.757674e-004 0 -1
-9.514960e-001 4.819670e-001 
1
2
6 16 7 4 0 -1
6 18 7 2 0 2
haar_y2
-5.270695e-003 0 -1
1.000000e+000 -1.000000e+000 
1
3
16 0 4 8 0 -1
18 0 2 4 0 2
16 4 2 4 0 2
haar_x2_y2
-3.966480e-004 0 -1
4.850692e-001 -8.875679e-001 
1
3
9 16 2 4 0 -1
9 16 1 2 0 2
10 18 1 2 0 2
haar_x2_y2
-1.115286e-004 0 -1
9.207428e-001 -9.855607e-001 
1
2
13 5 7 4 0 -1
13 5 7 2 0 2
tilted_haar_x2
-6.295062e-003 0 -1
5.113627e-001 -7.848917e-001 
1
2
2 9 7 6 0 -1
2 12 7 3 0 2
haar_y2
1.624458e-003 0 -1
-8.436267e-001 9.387215e-001 
1
2
8 12 4 6 0 -1
8 15 4 3 0 2
haar_y2
3.099983e-004 0 -1
-9.761431e-001 8.102670e-001 
1
2
9 9 7 4 0 -1
8 10 7 2 0 2
tilted_haar_y4
3.770015e-003 0 -1
-1.000000e+000 8.908041e-001 
1
2
18 0 2 1 0 -1
18 0 1 1 0 2
haar_x2
0.000000e+000 0 -1
0.000000e+000 -1.000000e+000 
1
2
0 0 12 12 0 -1
4 4 4 4 0 9
haar_point
6.428538e-002 0 -1
-1.000000e+000 1.000002e+000 
1
2
18 0 2 1 0 -1
18 0 1 1 0 2
haar_x2
0.000000e+000 0 -1
0.000000e+000 -1.000000e+000 
1
2
0 0 3 2 0 -1
0 1 3 1 0 2
haar_y2
-2.551652e-005 0 -1
1.000000e+000 -1.000000e+000 
1
2
15 13 3 6 0 -1
16 15 1 2 0 9
haar_point
-6.271393e-003 0 -1
1.000000e+000 -8.400475e-001 
1
2
0 5 17 8 0 -1
0 9 17 4 0 2
haar_y2
2.129096e-003 0 -1
-1.000000e+000 9.407362e-001 
1
3
7 14 8 6 0 -1
11 14 4 3 0 2
7 17 4 3 0 2
haar_x2_y2
1.831253e-003 0 -1
-9.497405e-001 4.579558e-001 
1
2
10 5 3 10 0 -1
11 6 1 10 0 3
tilted_haar_x3
8.908311e-004 0 -1
-9.945307e-001 1.000001e+000 
1
2
18 0 2 1 0 -1
18 0 1 1 0 2
haar_x2
0.000000e+000 0 -1
0.000000e+000 -1.000000e+000 
1
3
1 14 6 6 0 -1
1 14 3 3 0 2
4 17 3 3 0 2
haar_x2_y2
-1.235697e-003 0 -1
1.000000e+000 -1.000000e+000 
1
2
9 9 3 5 0 -1
10 9 1 5 0 3
haar_x3
1.293574e-003 0 -1
-9.089407e-001 6.868331e-001 
1
2
7 7 6 6 0 -1
9 9 2 2 0 9
haar_point
-6.253980e-003 0 -1
1.000000e+000 -1.000000e+000 
1
2
12 4 3 12 0 -1
13 8 1 4 0 9
haar_point
-6.895960e-004 0 -1
4.589991e-001 -9.317598e-001 
1
2
7 9 3 3 0 -1
8 10 1 1 0 9
haar_point
4.388338e-004 0 -1
-9.277931e-001 8.609198e-001 
1
2
12 10 6 8 0 -1
12 12 6 4 0 2
haar_y4
1.198932e-003 0 -1
-9.808331e-001 3.999982e-001 
1
3
4 8 12 10 0 -1
4 8 6 5 0 2
10 13 6 5 0 2
haar_x2_y2
-4.672853e-003 0 -1
1.000000e+000 -9.999999e-001 
1
2
10 1 2 7 0 -1
10 1 1 7 0 2
tilted_haar_y2
-4.322143e-003 0 -1
6.758223e-001 -8.303120e-001 
-1.688381e+001

7
-1
