8
1
2
8 3 4 4 0 -1
8 5 4 2 0 2
haar_y2
-2.716567e-003 0 -1
3.934651e-001 -7.611727e-001 
1
2
16 4 4 11 0 -1
16 4 2 11 0 2
haar_x2
2.772380e-002 0 -1
-6.289297e-001 5.656549e-001 
1
2
0 6 6 8 0 -1
3 6 3 8 0 2
haar_x2
2.331313e-002 0 -1
-7.905206e-001 2.822936e-001 
1
2
9 8 2 3 0 -1
9 9 2 1 0 3
haar_y3
-3.350971e-003 0 -1
5.105094e-001 -5.238482e-001 
1
2
2 16 14 4 0 -1
2 18 14 2 0 2
haar_y2
-3.241497e-002 0 -1
3.743206e-001 -6.693687e-001 
1
2
9 9 2 3 0 -1
9 10 2 1 0 3
haar_y3
-3.514482e-003 0 -1
5.799878e-001 -4.107696e-001 
1
2
5 1 10 2 0 -1
5 2 10 1 0 2
haar_y2
3.982704e-003 0 -1
-6.809570e-001 3.339785e-001 
1
2
4 3 12 12 0 -1
4 9 12 6 0 2
haar_y2
1.439408e-003 0 -1
-8.677148e-001 2.522947e-001 
-1.081833e+000

4
-1
