17
1
2
0 5 12 10 0 -1
3 5 6 10 0 2
haar_x4
8.855933e-002 0 -1
-7.013749e-001 4.666954e-001 
1
2
13 8 2 12 0 -1
13 12 2 4 0 3
haar_y3
1.377131e-002 0 -1
-8.053977e-001 2.628939e-001 
1
2
6 9 8 3 0 -1
8 9 4 3 0 2
haar_x4
-4.338335e-003 0 -1
2.208330e-001 -8.946187e-001 
1
2
5 0 10 4 0 -1
5 2 10 2 0 2
haar_y2
1.683548e-002 0 -1
-7.147818e-001 3.213826e-001 
1
2
5 18 9 2 0 -1
5 19 9 1 0 2
haar_y2
-7.775168e-003 0 -1
3.113622e-001 -6.664328e-001 
1
3
9 4 4 2 0 -1
11 4 2 1 0 2
9 5 2 1 0 2
haar_x2_y2
-1.168938e-003 0 -1
4.033452e-001 -3.687683e-001 
1
2
3 6 14 12 0 -1
3 10 14 4 0 3
haar_y3
8.542707e-003 0 -1
-8.614523e-001 2.188759e-001 
1
2
12 4 2 9 0 -1
12 4 1 9 0 2
tilted_haar_y2
-6.954417e-004 0 -1
1.287374e-003 -3.178104e-001 
1
2
6 9 8 8 0 -1
6 13 8 4 0 2
haar_y2
1.405620e-003 0 -1
-6.551713e-001 3.085432e-001 
1
2
11 5 2 8 0 -1
11 5 1 8 0 2
tilted_haar_y2
3.343121e-004 0 -1
-2.453432e-001 9.633960e-002 
1
2
9 5 8 2 0 -1
9 5 8 1 0 2
tilted_haar_y2
5.490276e-005 0 -1
-4.902228e-001 4.309245e-001 
1
2
11 12 3 8 0 -1
11 16 3 4 0 2
haar_y2
-3.413918e-005 0 -1
1.845784e-001 -6.562697e-001 
1
2
5 9 6 6 0 -1
7 11 2 2 0 9
haar_point
1.202134e-002 0 -1
-5.816122e-001 3.339217e-001 
1
3
6 14 10 4 0 -1
11 14 5 2 0 2
6 16 5 2 0 2
haar_x2_y2
-3.965145e-003 0 -1
1.380445e-001 -2.033582e-001 
1
2
2 7 8 9 0 -1
4 7 4 9 0 2
haar_x4
1.210735e-002 0 -1
-7.806913e-001 2.835438e-001 
1
2
9 16 2 3 0 -1
9 17 2 1 0 3
haar_y3
1.379783e-004 0 -1
-6.972360e-001 2.494468e-001 
1
2
5 3 9 14 0 -1
5 10 9 7 0 2
haar_y2
6.558409e-003 0 -1
-9.265915e-001 1.437535e-001 
-1.482164e+000

5
-1
