7
1
2
10 8 6 1 0 -1
10 8 3 1 0 2
tilted_haar_x2
-1.135093e-002 0 -1
4.867528e-001 -7.782061e-001 
1
2
5 18 10 2 0 -1
5 19 10 1 0 2
haar_y2
-8.029990e-003 0 -1
4.942761e-001 -6.554151e-001 
1
2
0 9 12 4 0 -1
3 9 6 4 0 2
haar_x4
3.211620e-002 0 -1
-7.595817e-001 4.269211e-001 
1
2
6 0 9 4 0 -1
6 2 9 2 0 2
haar_y2
2.153017e-002 0 -1
-6.717469e-001 4.872393e-001 
1
2
6 2 8 16 0 -1
6 10 8 8 0 2
haar_y2
1.608154e-002 0 -1
-8.192933e-001 2.689498e-001 
1
2
10 6 1 4 0 -1
10 7 1 2 0 2
haar_y4
2.341540e-003 0 -1
-3.991559e-001 5.779396e-001 
1
2
0 14 20 5 0 -1
5 14 10 5 0 2
haar_x4
7.404085e-002 0 -1
-6.430760e-001 4.430861e-001 
-1.365567e+000

2
-1
